1
400
2
399
3
398
4
397
5
396
6
395
7
394
8
393
9
392
10
391
11
390
12
389
13
388
14
387
15
386
16
385
17
384
18
383
19
382
20
381
21
380
22
379
23
378
24
377
25
376
26
375
27
374
28
373
29
372
30
371
31
370
32
369
33
368
34
367
35
366
36
365
37
364
38
363
39
362
40
361
41
360
42
359
43
358
44
357
45
356
46
355
47
354
48
353
49
352
50
351
51
350
52
349
53
348
54
347
55
346
56
345
57
344
58
343
59
342
60
341
61
340
62
339
63
338
64
337
65
336
66
335
67
334
68
333
69
332
70
331
71
330
72
329
73
328
74
327
75
326
76
325
77
324
78
323
79
322
80
321
81
320
82
319
83
318
84
317
85
316
86
315
87
314
88
313
89
312
90
311
91
310
92
309
93
308
94
307
95
306
96
305
97
304
98
303
99
302
100
301
101
300
102
299
103
298
104
297
105
296
106
295
107
294
108
293
109
292
110
291
111
290
112
289
113
288
114
287
115
286
116
285
117
284
118
283
119
282
120
281
121
280
122
279
123
278
124
277
125
276
126
275
127
274
128
273
129
272
130
271
131
270
132
269
133
268
134
267
135
266
136
265
137
264
138
263
139
262
140
261
141
260
142
259
143
258
144
257
145
256
146
255
147
254
148
253
149
252
150
251
151
250
152
249
153
248
154
247
155
246
156
245
157
244
158
243
159
242
160
241
161
240
162
239
163
238
164
237
165
236
166
235
167
234
168
233
169
232
170
231
171
230
172
229
173
228
174
227
175
226
176
225
177
224
178
223
179
222
180
221
181
220
182
219
183
218
184
217
185
216
186
215
187
214
188
213
189
212
190
211
191
210
192
209
193
208
194
207
195
206
196
205
197
204
198
203
199
202
200
201
201
200
202
199
203
198
204
197
205
196
206
195
207
194
208
193
209
192
210
191
211
190
212
189
213
188
214
187
215
186
216
185
217
184
218
183
219
182
220
181
221
180
222
179
223
178
224
177
225
176
226
175
227
174
228
173
229
172
230
171
231
170
232
169
233
168
234
167
235
166
236
165
237
164
238
163
239
162
240
161
241
160
242
159
243
158
244
157
245
156
246
155
247
154
248
153
249
152
250
151
251
150
252
149
253
148
254
147
255
146
256
145
257
144
258
143
259
142
260
141
261
140
262
139
263
138
264
137
265
136
266
135
267
134
268
133
269
132
270
131
271
130
272
129
273
128
274
127
275
126
276
125
277
124
278
123
279
122
280
121
281
120
282
119
283
118
284
117
285
116
286
115
287
114
288
113
289
112
290
111
291
110
292
109
293
108
294
107
295
106
296
105
297
104
298
103
299
102
300
101
301
100
302
99
303
98
304
97
305
96
306
95
307
94
308
93
309
92
310
91
311
90
312
89
313
88
314
87
315
86
316
85
317
84
318
83
319
82
320
81
321
80
322
79
323
78
324
77
325
76
326
75
327
74
328
73
329
72
330
71
331
70
332
69
333
68
334
67
335
66
336
65
337
64
338
63
339
62
340
61
341
60
342
59
343
58
344
57
345
56
346
55
347
54
348
53
349
52
350
51
351
50
352
49
353
48
354
47
355
46
356
45
357
44
358
43
359
42
360
41
361
40
362
39
363
38
364
37
365
36
366
35
367
34
368
33
369
32
370
31
371
30
372
29
373
28
374
27
375
26
376
25
377
24
378
23
379
22
380
21
381
20
382
19
383
18
384
17
385
16
386
15
387
14
388
13
389
12
390
11
391
10
392
9
393
8
394
7
395
6
396
5
397
4
398
3
399
2
400
1
0
1
400
2
399
3
398
4
397
5
396
6
395
7
394
8
393
9
392
10
391
11
390
12
389
13
388
14
387
15
386
16
385
17
384
18
383
19
382
20
381
21
380
22
379
23
378
24
377
25
376
26
375
27
374
28
373
29
372
30
371
31
370
32
369
33
368
34
367
35
366
36
365
37
364
38
363
39
362
40
361
41
360
42
359
43
358
44
357
45
356
46
355
47
354
48
353
49
352
50
351
51
350
52
349
53
348
54
347
55
346
56
345
57
344
58
343
59
342
60
341
61
340
62
339
63
338
64
337
65
336
66
335
67
334
68
333
69
332
70
331
71
330
72
329
73
328
74
327
75
326
76
325
77
324
78
323
79
322
80
321
81
320
82
319
83
318
84
317
85
316
86
315
87
314
88
313
89
312
90
311
91
310
92
309
93
308
94
307
95
306
96
305
97
304
98
303
99
302
100
301
101
300
102
299
103
298
104
297
105
296
106
295
107
294
108
293
109
292
110
291
111
290
112
289
113
288
114
287
115
286
116
285
117
284
118
283
119
282
120
281
121
280
122
279
123
278
124
277
125
276
126
275
127
274
128
273
129
272
130
271
131
270
132
269
133
268
134
267
135
266
136
265
137
264
138
263
139
262
140
261
141
260
142
259
143
258
144
257
145
256
146
255
147
254
148
253
149
252
150
251
151
250
152
249
153
248
154
247
155
246
156
245
157
244
158
243
159
242
160
241
161
240
162
239
163
238
164
237
165
236
166
235
167
234
168
233
169
232
170
231
171
230
172
229
173
228
174
227
175
226
176
225
177
224
178
223
179
222
180
221
181
220
182
219
183
218
184
217
185
216
186
215
187
214
188
213
189
212
190
211
191
210
192
209
193
208
194
207
195
206
196
205
197
204
198
203
202
200
201
201
200
202
203
198
204
197
205
196
206
195
207
194
208
193
209
192
210
191
211
190
212
189
213
188
214
187
215
186
216
185
217
184
218
183
219
182
220
181
221
180
222
179
223
178
224
177
225
176
226
175
227
174
228
173
229
172
230
171
231
170
232
169
233
168
234
167
235
166
236
165
237
164
238
163
239
162
240
161
241
160
242
159
243
158
244
157
245
156
246
155
247
154
248
153
249
152
250
151
251
150
252
149
253
148
254
147
255
146
256
145
257
144
258
143
259
142
260
141
261
140
262
139
263
138
264
137
265
136
266
135
267
134
268
133
269
132
270
131
271
130
272
129
273
128
274
127
275
126
276
125
277
124
278
123
279
122
280
121
281
120
282
119
283
118
284
117
285
116
286
115
287
114
288
113
289
112
290
111
291
110
292
109
293
108
294
107
295
106
296
105
297
104
298
103
299
102
300
101
301
100
302
99
303
98
304
97
305
96
306
95
307
94
308
93
309
92
310
91
311
90
312
89
313
88
314
87
315
86
316
85
317
84
318
83
319
82
320
81
321
80
322
79
323
78
324
77
325
76
326
75
327
74
328
73
329
72
330
71
331
70
332
69
333
68
334
67
335
66
336
65
337
64
338
63
339
62
340
61
341
60
342
59
343
58
344
57
345
56
346
55
347
54
348
53
349
52
350
51
351
50
352
49
353
48
354
47
355
46
356
45
357
44
358
43
359
42
360
41
361
40
362
39
363
38
364
37
365
36
366
35
367
34
368
33
369
32
370
31
371
30
372
29
373
28
374
27
375
26
376
25
377
24
378
23
379
22
380
21
381
20
382
19
383
18
384
17
385
16
386
15
387
14
388
13
389
12
390
11
391
10
392
9
393
8
394
7
395
6
396
5
397
4
398
3
399
2
400
1
